Genres: ChaChaCha
[ 0.30929705  0.79818594  1.27709751  1.74603175  2.21496599  2.7138322
  3.19274376  3.661678    4.13061224  4.61950113  5.0984127   5.56734694
  6.03628118  6.53514739  7.00408163  7.4829932   7.96190476  8.430839
  8.90975057  9.38866213  9.8675737  10.34648526 10.82539683 11.29433107
 11.77324263 12.2521542  12.73106576 13.20997732 13.68888889 14.15782313
 14.64671202 15.11564626 15.5845805  16.06349206 16.54240363 17.02131519
 17.51020408 17.97913832 18.45804989 18.92698413 19.40589569 19.88480726
 20.36371882 20.84263039 21.32154195 21.80045351 22.27936508 22.74829932
 23.22721088 23.70612245 24.18503401 24.65396825 25.13287982 25.60181406
 26.08072562 26.55963719 27.03854875 27.51746032 27.98639456 28.47528345
 28.95419501 29.42312925 29.91201814]